129,35
126,5
126,4
126,3
126,2
126,1
10,80
126,0
125,7
125,6
125,5
125,4
125,3
10,22
125,2
10,219
125,1
125,0
124,5
124,4
124,3
10,65
124,2
124,1
124,0
123,4
123,3
10,66
10,226
123,2
123,1
123,0
122,4
122,3
10,94
122,2
10,284
122,1
122,0
121,5
121,4
121,3
121,2
121,1
121,0
120,3
11,8
120,2
11,11
120,1
120,0
11,18
11,26
11,22
11,29
11,25
11,12
11,13
11,10
11,2
11,1
11,3
10,302
8,7
8,15
8,12
8,16
8,6
10,294
10,231
10,218
10,211
12,2
12,1
10,199
12,3
10,198
10,85
10,3
20,2
20,1
20,3
19,2
19,1
19,3
10,2
10,1
9,7
9,5
9,3
9,2
9,1
18,1
8,14
8,11
8,10
8,9
18,3
8,8
8,4
8,3
14,1
14,3
13,1
13,3
8,2
8,1
3,3
3,2
3,1
2,2
2,3
